44 1001
Wienhold, Frank G.
Institute for Atmosheric and Climate Science (IAC), ETH Zurich, Switzerland
meteorological station on Messfeld Hoenggerberg
permanent monitoring
1 1
2012 06 20  2012 06 20
0.0
time in minutes since 2012-06-20 0h00 GMT
18
     1.0     1.0     1.0     1.0     1.0     1.0     1.0     1.0     1.0     1.0     1.0     1.0     1.0     1.0     1.0     1.0     1.0     1.0
 99999.0 99999.0 99999.0 99999.0 99999.0 99999.0 99999.0 99999.0 99999.0 99999.0 99999.0 99999.0 99999.0 99999.0  9999.0  9999.0  9999.0  9999.0 
air pressure (hPa)
air temperature (deg C)
dew point(deg C)
relative humidity (percent)
illuminance (log base 10 of value in Lux)
radiation (W/m2)
rain accumulated during 10 min measurement interval (mm)
mean vector wind speed (m/s)
mean scalar wind speed (m/s)
mean wind direction (deg)
peak wind speed  (m/s)
direction of wind peek (deg)
mean north component (m/s)
mean east component (m/s)
barometer status code
thygan status code
interface sensor status code
wind sensor status code
5
station data 
location: Messfeld HPS G41, CH 8093 Zurich, Switzerland
latitude 47.40650 deg north
longitude 8.51190 deg east
elevation 541 m above sea level
7
This data can be used freely for scientific analysis.
The user agrees to cite IAC ETH Zurich as source of the data
and to consult IAC ETH Zurich before data is used for publication.

      time     p_air     T_air     T_dew        RH     illum radiation      rain  wspd_vec  wspd_scl      wdir   wspd_pk   wdir_pk wcp_north  wcp_east      baro    thygan       ifs      wind
     (min)     (hPa)   (deg C)   (deg C) (percent)(log10lux)    (W/m2)      (mm)     (m/s)     (m/s)     (deg)     (m/s)     (deg)     (m/s)     (m/s)  (status)  (status)  (status)  (status)

         0    953.21     18.76     16.74     88.06  99999.00  99999.00  99999.00      0.68      0.74     93.00      1.44     34.00     -0.04      0.68         0        30      9999         0
        10    953.15     19.00     16.54     85.67  99999.00  99999.00  99999.00      0.76      0.79     97.00      1.39     69.00     -0.09      0.75         0        30      9999         0
        20    953.15     18.29     16.80     91.01  99999.00  99999.00  99999.00      0.61      0.64     73.00      1.26     72.00      0.18      0.58         0        40      9999         0
        30    953.15     18.25     16.86     91.58  99999.00  99999.00  99999.00      0.63      0.65     99.00      1.22     99.00     -0.10      0.63         0        40      9999         0
        40    953.04     18.58     17.00     90.56  99999.00  99999.00  99999.00      0.26      0.47     68.00      0.81    330.00      0.10      0.24         0        40      9999         0
        50    953.07     18.44     16.69     89.56  99999.00  99999.00  99999.00      0.18      0.51     98.00      1.12    280.00     -0.02      0.17         0        40      9999         0
        60    953.13     19.29     16.38     83.26  99999.00  99999.00  99999.00      0.32      0.45    328.00      1.40    274.00      0.27     -0.17         0        30      9999         0
        70    952.99     18.60     16.40     87.05  99999.00  99999.00  99999.00      0.50      0.55     87.00      1.10     95.00      0.03      0.50         0        30      9999         0
        80    953.01     18.68     16.30     86.06  99999.00  99999.00  99999.00      0.38      0.41    112.00      0.92    103.00     -0.14      0.35         0        30      9999         0
        90    953.07     17.55     16.47     93.43  99999.00  99999.00  99999.00      0.66      0.67    111.00      1.08    112.00     -0.24      0.62         0        40      9999         0
       100    953.20     18.16     16.46     89.80  99999.00  99999.00  99999.00      0.20      0.58    212.00      1.79    243.00     -0.17     -0.11         0        40      9999         0
       110    953.37     18.78     16.75     88.00  99999.00  99999.00  99999.00      1.36      1.38    254.00      2.69    255.00     -0.37     -1.31         0        30      9999         0
       120    953.45     18.63     16.89     89.65  99999.00  99999.00  99999.00      1.21      1.29    249.00      2.42    246.00     -0.44     -1.13         0        40      9999         0
       130    953.49     18.67     16.90     89.44  99999.00  99999.00  99999.00      1.25      1.27    240.00      2.21    252.00     -0.63     -1.07         0        30      9999         0
       140    953.48     18.79     16.82     88.34  99999.00  99999.00  99999.00      1.19      1.24    241.00      2.77    257.00     -0.58     -1.04         0        40      9999         0
       150    953.60     18.87     16.74     87.45  99999.00  99999.00  99999.00      2.33      2.37    255.00      4.03    256.00     -0.60     -2.25         0        30      9999         0
       160    953.56     18.69     16.82     88.93  99999.00  99999.00  99999.00      1.89      1.93    254.00      4.37    254.00     -0.52     -1.82         0        30      9999         0
       170    953.61     18.69     16.75     88.53  99999.00  99999.00  99999.00      1.74      1.76    251.00      3.03    262.00     -0.57     -1.64         0        40      9999         0
       180    953.61     18.56     16.75     89.24  99999.00  99999.00  99999.00      1.47      1.50    254.00      2.47    256.00     -0.41     -1.41         0        40      9999         0
       190    953.58     18.67     16.77     88.71  99999.00  99999.00  99999.00      1.04      1.13    244.00      2.01    264.00     -0.46     -0.94         0        30      9999         0
       200    953.51     18.55     16.98     90.56  99999.00  99999.00  99999.00      1.52      1.56    251.00      3.03    262.00     -0.49     -1.44         0        40      9999         0
       210    953.62     18.48     17.02     91.20  99999.00  99999.00  99999.00      1.44      1.46    241.00      2.51    241.00     -0.70     -1.26         0        40      9999         0
       220    953.59     18.45     17.03     91.44  99999.00  99999.00  99999.00      1.08      1.12    236.00      1.88    245.00     -0.60     -0.90         0        40      9999         0
       230    953.52     18.59     17.02     90.58  99999.00  99999.00  99999.00      1.10      1.16    229.00      2.06    241.00     -0.72     -0.83         0        40      9999         0
       240    953.50     18.66     16.72     88.49  99999.00  99999.00  99999.00      1.53      1.57    212.00      2.51    247.00     -1.29     -0.82         0        40      9999         0
       250    953.49     18.84     16.58     86.75      2.82      0.50      0.00      2.02      2.06    218.00      3.00    206.00     -1.58     -1.26         0        30         0         0
       260    953.51     19.09     16.09     82.76      2.85      0.60      0.00      1.80      1.87    237.00      4.59    254.00     -0.99     -1.50         0        30         0         0
       270    953.56     18.87     16.42     85.65      3.04      1.00      0.00      1.77      1.83    237.00      3.54    241.00     -0.96     -1.49         0        30         0         0
       280    953.50     18.95     16.17     83.95      2.93      1.30      0.00      1.72      1.79    230.00      3.49    243.00     -1.10     -1.31         0        30         0         0
       290    953.50     18.95     16.15     83.79      2.92      0.90      0.00      1.44      1.51    236.00      2.53    261.00     -0.82     -1.19         0        30         0         0
       300    953.50     18.88     15.98     83.25      3.11      1.10      0.00      1.28      1.32    243.00      2.40    253.00     -0.58     -1.13         0        30         0         0
       310    953.37     19.13     15.62     80.08      3.50      2.30      0.00      0.98      1.04    259.00      2.63    261.00     -0.19     -0.96         0        30         0         0
       320    953.27     18.96     15.86     82.20      3.64      4.10      0.00      0.64      0.85    181.00      1.70    152.00     -0.64     -0.01         0        30         0         0
       330    953.19     19.03     15.59     80.46      3.78      5.00      0.00      0.73      0.91    182.00      2.21    185.00     -0.73     -0.03         0        30         0         0
       340    953.19     19.14     15.75     80.73      3.89      8.00      0.00      1.91      2.05    221.00      3.85    261.00     -1.43     -1.26         0        20         0         0
       350    953.19     19.06     15.70     80.89      3.96      9.00      0.00      2.42      2.45    220.00      3.41    220.00     -1.86     -1.54         0        30         0         0
       360    953.15     19.28     15.11     76.83      3.96     10.10      0.00      2.50      2.54    221.00      4.64    233.00     -1.89     -1.64         0        20         0         0
       370    953.11     19.32     15.32     77.68      4.12     11.40      0.00      2.48      2.58    217.00      3.86    197.00     -1.97     -1.51         0        20         0         0
       380    952.95     19.50     15.52     77.79      4.13     17.30      0.00      2.69      2.81    230.00      4.83    257.00     -1.72     -2.07         0        20         0         0
       390    952.94     19.36     15.21     76.92      4.06     13.90      0.00      2.47      2.53    240.00      5.17    255.00     -1.23     -2.13         0        30         0         0
       400    952.97     19.46     15.75     79.11      4.20     13.60      0.00      1.94      1.97    248.00      3.98    245.00     -0.73     -1.80         0        30         0         0
       410    952.96     19.78     15.60     76.84      4.27     21.60      0.00      2.03      2.06    254.00      4.10    267.00     -0.54     -1.96         0        30         0         0
       420    953.03     19.85     15.34     75.26      4.27     23.90      0.00      2.12      2.16    253.00      3.89    252.00     -0.63     -2.03         0        30         0         0
       430    953.17     19.66     15.49     76.86      4.10     16.70      0.00      1.95      2.03    257.00      3.68    248.00     -0.45     -1.90         0        30         0         0
       440    953.30     19.47     15.36     77.14      4.02     12.80      0.00      2.05      2.11    267.00      4.12    293.00     -0.11     -2.04         0        30         0         0
       450    953.34     19.28     15.59     79.21      3.94     10.10      0.00      2.18      2.25    260.00      4.02    251.00     -0.38     -2.15         0        30         0         0
       460    953.31     19.47     15.56     78.15      3.99     10.90      0.00      1.98      2.02    251.00      3.13    253.00     -0.66     -1.87         0        30         0         0
       470    953.32     19.55     15.98     79.84      4.05     12.20      0.00      1.67      1.71    248.00      2.75    260.00     -0.61     -1.55         0        30         0         0
       480    953.33     19.36     16.05     81.16      4.02     11.70      0.00      1.92      1.96    252.00      3.74    254.00     -0.61     -1.83         0        30         0         0
       490    953.29     19.63     16.40     81.61      4.00     13.00      0.00      1.72      1.76    240.00      2.82    253.00     -0.87     -1.49         0        30         0         0
       500    953.35     19.49     16.23     81.41      3.88      9.30      0.00      1.66      1.68    229.00      2.37    242.00     -1.09     -1.26         0        30         0         0
       510    953.27     19.51     15.88     79.55      4.09     10.30      0.00      1.65      1.69    235.00      2.88    250.00     -0.96     -1.35         0        30         0         0
       520    953.20     19.92     15.73     76.82      4.21     15.10      0.00      1.79      1.84    239.00      2.98    256.00     -0.92     -1.53         0        30         0         0
       530    953.15     20.02     15.52     75.32      4.27     20.50      0.00      2.05      2.15    233.00      3.44    234.00     -1.23     -1.65         0        30         0         0
       540    953.18     20.27     15.67     74.87      4.31     19.30      0.00      2.06      2.12    225.00      3.40    246.00     -1.46     -1.45         0        30         0         0
       550    953.15     20.45     15.78     74.59      4.28     24.10      0.00      1.85      1.90    247.00      3.59    257.00     -0.71     -1.71         0        30         0         0
       560    953.17     20.86     15.82     72.90      4.42     27.00      0.00      1.59      1.63    250.00      3.72    246.00     -0.55     -1.50         0        30         0         0
       570    953.10     21.30     15.47     69.37      4.66     40.90      0.00      2.11      2.20    241.00      4.88    242.00     -1.04     -1.84         0        30         0         0
       580    953.12     21.50     15.65     69.33      4.48     53.00      0.00      2.39      2.50    242.00      4.63    213.00     -1.12     -2.12         0        30         0         0
       590    953.22     21.34     15.37     68.77      4.47     32.20      0.00      2.80      2.90    239.00      4.90    250.00     -1.45     -2.39         0        30         0         0
       600    953.23     21.35     14.91     66.72      4.38     28.00      0.00      2.21      2.29    252.00      4.90    269.00     -0.70     -2.09         0        30         0         0
       610    953.23     21.11     14.72     66.91      4.36     22.00      0.00      2.51      2.58    246.00      4.97    255.00     -1.01     -2.30         0        30         0         0
       620    953.31     21.31     14.23     63.99      4.33     23.20      0.00      2.86      2.91    244.00      5.72    243.00     -1.24     -2.57         0        30         0         0
       630    953.36     21.07     14.23     64.97      4.24     20.50      0.00      2.61      2.70    232.00      4.60    228.00     -1.61     -2.05         0        30         0         0
       640    953.32     21.19     15.31     69.15      4.39     20.70      0.00      2.12      2.20    232.00      3.69    229.00     -1.29     -1.69         0        30         0         0
       650    953.20     21.16     14.13     64.19      4.33     27.30      0.00      2.88      2.99    250.00      5.31    267.00     -1.01     -2.69         0        30         0         0
       660    953.37     20.66     14.28     66.82      4.09     17.20      0.00      2.80      2.92    236.00      4.96    236.00     -1.56     -2.33         0        30         0         0
       670    953.44     20.41     14.02     66.73      3.81      8.90      0.00      3.16      3.22    232.00      5.15    252.00     -1.93     -2.49         0        30         0         0
       680    953.69     20.01     14.50     70.58      3.62      5.50      0.00      2.94      3.02    241.00      6.09    256.00     -1.43     -2.57         0        30         0         0
       690    953.93     20.23     14.01     67.43      3.11      3.20      0.00      3.63      3.70    252.00      8.30    261.00     -1.15     -3.44         0        30         0         0
       700    953.84     19.35     14.84     75.16      3.13      1.60      0.00      2.61      2.65    250.00      5.89    249.00     -0.88     -2.46         0        30         0         0
       710    953.58     18.82     15.22     79.62      3.56      2.50      0.00      2.16      2.21    258.00      4.80    268.00     -0.43     -2.11         0        30         0         0
       720    953.29     18.13     15.83     86.39      3.45      3.50      0.00      1.39      1.71    277.00      3.52    255.00      0.16     -1.38         0        30         0         0
       730    953.69     17.96     16.32     90.12      3.47      2.30      0.00      1.60      1.67    246.00      3.31    265.00     -0.65     -1.47         0        30         0         0
       740    953.97     18.07     16.34     89.63      3.80      4.90      0.00      1.66      1.73    217.00      3.33    237.00     -1.33     -0.99         0        30         0         0
       750    953.96     18.19     16.43     89.47      3.57      5.40      0.00      1.38      1.41    216.00      2.38    202.00     -1.12     -0.80         0        40         0         0
       760    953.87     18.16     16.28     88.78      3.81      4.10      0.00      1.50      1.53    240.00      2.25    249.00     -0.76     -1.30         0        30         0         0
       770    953.84     18.72     16.50     86.96      4.43     15.80      0.00      1.62      1.65    219.00      2.38    202.00     -1.26     -1.02         0        30         0         0
       780    953.57     19.94     16.87     82.47      4.58     53.20      0.00      0.98      1.05    226.00      1.90    198.00     -0.68     -0.71         0        30         0         0
       790    953.37     20.50     17.15     81.09      4.45     49.40      0.00      1.04      1.17    226.00      2.25    201.00     -0.72     -0.74         0        30         0         0
       800    953.18     19.99     16.35     79.58      4.42     28.90      0.00      0.84      0.90    249.00      1.71    263.00     -0.30     -0.79         0        30         0         0
       810    953.07     20.57     17.74     83.83      4.63     44.40      0.00      0.75      1.01     87.00      1.93    111.00      0.04      0.75         0        30         0         0
       820    953.11     21.05     17.64     80.88      4.55     47.90      0.00      0.61      0.84     59.00      1.94     35.00      0.31      0.52         0        30         0         0
       830    953.04     20.24     16.42     78.70      4.48     35.80      0.00      0.86      1.10    140.00      2.18    196.00     -0.65      0.56         0        40         0         0
       840    952.85     20.62     15.66     73.22      4.41     37.20      0.00      0.47      0.84    174.00      2.63    189.00     -0.47      0.05         0        40         0         0
       850    952.78     20.57     15.44     72.42      4.45     33.50      0.00      0.99      1.14    178.00      3.01    176.00     -0.99      0.03         0        40         0         0
       860    952.72     20.77     15.64     72.48      4.47     36.10      0.00      0.95      1.09    181.00      2.15    208.00     -0.95     -0.01         0        40         0         0
       870    952.69     21.04     15.39     70.14      4.71     50.10      0.00      1.42      1.49    192.00      2.82    203.00     -1.38     -0.29         0        40         0         0
       880    952.62     20.66     15.36     71.68      4.46     37.20      0.00      1.48      1.71    184.00      3.79    192.00     -1.48     -0.10         0        40         0         0
       890    952.51     21.59     16.04     70.70  99999.00  99999.00  99999.00      1.44      1.54    190.00      3.61    175.00     -1.42     -0.24         0        30      9999         0
       900    952.47     21.21     15.83     71.37  99999.00  99999.00  99999.00      1.65      1.86    213.00      3.48    219.00     -1.38     -0.91         0        40      9999         0
       910    952.38     21.15     15.77     71.38  99999.00  99999.00  99999.00      1.07      1.25    178.00      2.73    188.00     -1.07      0.04         0        40      9999         0
       920    952.18     21.17     15.94     72.04  99999.00  99999.00  99999.00      0.64      0.91     23.00      2.39     57.00      0.59      0.25         0        40      9999         0
       930    952.04     22.49     16.96     70.91  99999.00  99999.00  99999.00      0.30      1.08    211.00      2.60    203.00     -0.26     -0.15         0        30      9999         0
       940    951.97     22.35     16.21     68.20  99999.00  99999.00  99999.00      0.77      1.23    181.00      3.23    112.00     -0.77     -0.02         0        40      9999         0
       950    951.81     22.56     16.52     68.69  99999.00  99999.00  99999.00      0.61      1.06    193.00      2.33    190.00     -0.59     -0.14         0        50      9999         0
       960    951.76     22.31     15.54     65.51  99999.00  99999.00  99999.00      1.35      1.54    250.00      2.98    256.00     -0.45     -1.27         0        50      9999         0
       970    951.69     22.66     16.49     68.12  99999.00  99999.00  99999.00      0.47      0.74    177.00      1.81    174.00     -0.47      0.03         0        40      9999         0
       980    951.61     21.61     15.86     69.77  99999.00  99999.00  99999.00      0.90      1.18    190.00      2.28    255.00     -0.88     -0.16         0        50      9999         0
       990    951.52     21.35     16.06     71.82  99999.00  99999.00  99999.00      0.94      1.20    179.00      2.52    187.00     -0.94      0.01         0        50      9999         0
      1000    951.42     21.72     15.85     69.29  99999.00  99999.00  99999.00      0.80      1.03    188.00      3.61    194.00     -0.79     -0.11         0        40      9999         0
      1010    951.70     21.92     16.23     70.12  99999.00  99999.00  99999.00      1.11      1.19    190.00      2.42    187.00     -1.09     -0.19         0        40      9999         0
      1020    951.61     21.49     16.27     72.18  99999.00  99999.00  99999.00      1.28      1.43    197.00      2.52    187.00     -1.23     -0.37         0        40      9999         0
      1030    951.71     20.95     16.51     75.76  99999.00  99999.00  99999.00      0.90      1.03    178.00      2.38    195.00     -0.90      0.04         0        40      9999         0
      1040    951.80     20.18     17.34     83.73  99999.00  99999.00  99999.00      0.54      0.59    134.00      1.53    122.00     -0.37      0.39         0        40      9999         0
      1050    951.87     19.55     17.47     87.81  99999.00  99999.00  99999.00      0.36      0.40    120.00      1.30    148.00     -0.18      0.31         0        50      9999         0
      1060    951.98     19.54     17.59     88.48  99999.00  99999.00  99999.00      0.17      0.53     94.00      1.12     27.00     -0.01      0.17         0        40      9999         0
      1070    952.04     19.74     17.15     85.01  99999.00  99999.00  99999.00      0.62      1.08    186.00      2.53    288.00     -0.61     -0.07         0        30      9999         0
      1080    951.91     18.96     17.29     90.07  99999.00  99999.00  99999.00      0.84      1.38    355.00      2.53    342.00      0.83     -0.07         0        30      9999         0
      1090    952.11     19.20     17.20     88.23  99999.00  99999.00  99999.00      0.92      0.99    287.00      2.11    275.00      0.27     -0.88         0        30      9999         0
      1100    952.17     18.78     17.09     89.87  99999.00  99999.00  99999.00      0.89      0.99    327.00      2.44    341.00      0.75     -0.48         0        40      9999         0
      1110    952.09     18.21     17.65     96.50  99999.00  99999.00  99999.00      0.58      0.77     86.00      1.21     66.00      0.04      0.58         0        40      9999         0
      1120    952.08     18.26     17.79     97.12  99999.00  99999.00  99999.00      0.82      0.84    139.00      1.36    144.00     -0.62      0.54         0        40      9999         0
      1130    952.17     18.12     17.70     97.40  99999.00  99999.00  99999.00      0.89      0.96    145.00      1.63    169.00     -0.73      0.51         0        50      9999         0
      1140    952.14     18.03     17.57     97.13  99999.00  99999.00  99999.00      0.99      1.13    132.00      1.71    111.00     -0.67      0.73         0        50      9999         0
      1150    952.04     17.91     17.43     97.00  99999.00  99999.00  99999.00      0.90      0.91    115.00      1.26    108.00     -0.38      0.82         0        50      9999         0
      1160    952.00     17.70     17.18     96.75  99999.00  99999.00  99999.00      0.69      0.73    109.00      1.22    145.00     -0.22      0.66         0        50      9999         0
      1170    952.02     17.39     16.95     97.22  99999.00  99999.00  99999.00      0.68      0.81    111.00      1.36    126.00     -0.25      0.63         0        50      9999         0
      1180    952.02     17.41     16.88     96.73  99999.00  99999.00  99999.00      0.80      0.82     89.00      1.20     85.00      0.02      0.80         0        40      9999         0
      1190    952.06     17.35     16.89     97.08  99999.00  99999.00  99999.00      0.91      0.92     95.00      1.32     99.00     -0.07      0.91         0        40      9999         0
      1200    952.12     17.29     16.88     97.42  99999.00  99999.00  99999.00      0.74      0.75    105.00      1.12    117.00     -0.19      0.71         0        50      9999         0
      1210    952.15     17.44     16.95     96.99  99999.00  99999.00  99999.00      0.54      0.57    111.00      0.92    103.00     -0.19      0.50         0        40      9999         0
      1220    952.20     18.12     15.91     86.91  99999.00  99999.00  99999.00      0.33      0.55    286.00      1.50    274.00      0.09     -0.32         0        40      9999         0
      1230    952.25     17.46     16.07     91.52  99999.00  99999.00  99999.00      0.69      0.75    280.00      1.99    288.00      0.12     -0.68         0        40      9999         0
      1240    952.20     16.93     16.38     96.57  99999.00  99999.00  99999.00      0.68      0.74    102.00      1.26    108.00     -0.14      0.66         0        40      9999         0
      1250    952.19     16.91     16.27     96.00  99999.00  99999.00  99999.00      0.60      0.75    160.00      1.17    160.00     -0.56      0.21         0        40      9999         0
      1260    952.10     16.96     16.25     95.62  99999.00  99999.00  99999.00      0.72      0.75    180.00      1.12    170.00     -0.72      0.01         0        40      9999         0
      1270    952.04     17.15     16.20     94.15  99999.00  99999.00  99999.00      0.68      0.72    167.00      1.14    165.00     -0.66      0.16         0        40      9999         0
      1280    952.00     17.30     16.12     92.76  99999.00  99999.00  99999.00      0.69      0.71    228.00      1.12    243.00     -0.46     -0.51         0        40      9999         0
      1290    951.88     16.49     16.07     97.33  99999.00  99999.00  99999.00      0.48      0.57    156.00      1.20    138.00     -0.44      0.19         0        50      9999         0
      1300    951.79     16.44     16.00     97.22  99999.00  99999.00  99999.00      0.79      0.82    108.00      1.20    132.00     -0.24      0.75         0        40      9999         0
      1310    951.78     16.53     15.98     96.54  99999.00  99999.00  99999.00      0.90      0.97    151.00      1.51    172.00     -0.79      0.44         0        40      9999         0
      1320    951.88     16.31     15.90     97.45     -2.26     -0.40      0.00      0.71      0.85    122.00      1.58    162.00     -0.37      0.60         0        40         0         0
      1330    951.87     16.35     15.88     97.04     -2.24     -0.40      0.00      0.78      0.79     93.00      1.17    110.00     -0.04      0.78         0        40         0         0
      1340    951.90     16.16     15.77     97.52     -2.11     -0.40      0.00      0.76      0.77     98.00      1.04    107.00     -0.10      0.76         0        50         0         0
      1350    951.87     16.30     15.87     97.30     -2.15     -0.40      0.00      0.69      0.69     91.00      0.95    108.00     -0.01      0.69         0        40         0         0
      1360    951.85     16.17     15.81     97.73     -2.12     -0.40      0.00      0.60      0.61     87.00      0.80     90.00      0.04      0.60         0        40         0         0
      1370    951.73     16.01     15.61     97.49     -2.27     -0.40      0.00      0.89      0.90    105.00      1.14    105.00     -0.23      0.86         0        40         0         0
      1380    951.64     16.15     15.78     97.65     -2.33     -0.40      0.00      0.92      0.92     91.00      1.10     85.00     -0.01      0.92         0        40         0         0
      1390    951.58     15.90     15.49     97.41     -2.36     -0.40      0.00      0.97      0.97    105.00      1.26    108.00     -0.25      0.93         0        50         0         0
      1400    951.57     16.13     15.65     96.99     -2.35     -0.40      0.00      1.04      1.05    108.00      1.36    107.00     -0.32      0.99         0        40         0         0
      1410    951.50     15.88     15.44     97.26     -2.39     -0.50      0.00      1.04      1.04    100.00      1.36    107.00     -0.17      1.02         0        40         0         0
      1420    951.40     15.36     15.06     98.09     -2.41     -0.40      0.00      0.90      0.91    106.00      1.26    108.00     -0.25      0.86         0        50         0         0
      1430    951.33     16.03     15.55     96.97     -2.41     -0.50      0.00      0.97      0.97     92.00      1.10     95.00     -0.03      0.97         0        40         0         0
