43 1001
Wienhold, Frank G.
Institute for Atmosheric and Climate Science (IAC), ETH Zurich, Switzerland
meteorological station on the roof of the ETH CHN building
permanent monitoring
1 1
2010 12 01  2010 12 01
0.0
time in minutes since 2010-12-01 0h00 GMT
17
     1.0     1.0     1.0     1.0     1.0     1.0     1.0     1.0     1.0     1.0     1.0     1.0     1.0     1.0     1.0     1.0     1.0
 99999.0 99999.0 99999.0 99999.0 99999.0 99999.0 99999.0 99999.0 99999.0 99999.0 99999.0 99999.0 99999.0 99999.0 99999.0 99999.0 99999.0
air pressure (hPa)
air temperature (deg C)
dew point(deg C)
relative humidity (percent)
illuminance (log base 10 of value in Lux)
rain accumulated during 10 min measurement interval (mm)
mean vector wind speed (m/s)
mean scalar wind speed (m/s)
mean wind direction (deg)
peak wind speed  (m/s)
direction of wind peek (deg)
mean north component (m/s)
mean east component (m/s)
barometer status code
thygan status code
interface sensor status code
wind sensor status code
5
station data 
location: roof of building CHN, Universitaestrasse 16, CH 8092 Zurich, Switzerland
latitude 47.37929 deg north
longitude 8.54872 deg east
elevation 510 m above sea level
7
This data can be used freely for scientific analysis.
The user agrees to cite IAC ETH Zurich as source of the data
and to consult IAC ETH Zurich before data is used for publication.

      time     p_air     T_air     T_dew        RH     illum      rain  wspd_vec  wspd_scl      wdir   wspd_pk   wdir_pk wcp_north  wcp_east      baro    thygan       ifs      wind
     (min)     (hPa)   (deg C)   (deg C) (percent)(log10lux)      (mm)     (m/s)     (m/s)     (deg)     (m/s)     (deg)     (m/s)     (m/s)  (status)  (status)  (status)  (status)

         0    941.23     -2.86     -5.51     81.94     -1.11      0.00         0         0         2
        10    941.18     -2.82     -5.61     81.04     -1.11      0.00         0         0         2
        20    940.96     -3.00     -5.61     82.14     -1.25      0.00         0         0         3
        30    940.55     -2.80     -5.58     81.13     -1.43      0.00         0         0         2
        40    940.24     -2.83     -5.59     81.24     -1.55      0.00         0         0         2
        50    940.07     -2.31     -5.64     77.89     -1.67      0.00         0         0         2
        60    939.89     -1.63     -5.61     74.24     -1.52      0.00         0         0         2
        70    940.14     -2.35     -5.57     78.52     -1.45      0.00         0         0         2
        80    940.31     -3.16     -5.58     83.29     -1.21      0.00         0         0         2
        90    940.37     -3.03     -5.57     82.61     -1.05      0.00         0         0         2
       100    940.40     -3.09     -5.50     83.42     -0.97      0.00         0         0         2
       110    940.34     -2.93     -5.39     83.12     -1.00      0.00         0         0         2
       120    940.33     -2.98     -5.42     83.19     -1.05      0.00         0         0         2
       130    939.96     -2.66     -5.38     81.51     -1.06      0.00         0         0         2
       140    939.45     -2.84     -5.48     81.98     -1.06      0.00         0         0         2
       150    938.81     -2.88     -5.40     82.69     -0.95      0.00         0         0         2
       160    939.02     -2.98     -5.49     82.78     -0.97      0.00         0         0         2
       170    939.42     -2.33     -5.45     79.13     -0.92      0.00         0         0         2
       180    939.34     -2.70     -5.48     81.13     -0.91      0.00         0         0         2
       190    938.81     -2.92     -5.49     82.45     -0.90      0.00         0         0         2
       200    938.83     -1.63     -5.52     74.77     -0.94      0.00         0         0         2
       210    938.55     -3.16     -5.51     83.80     -0.83      0.00         0         0         2
       220    938.36     -3.02     -5.44     83.34     -0.71      0.00         0         0         2
       230    938.39     -2.76     -5.38     82.14     -0.75      0.00         0         0         2
       240    938.87     -2.37     -5.42     79.58     -0.80      0.00         0         0         2
       250    938.75     -2.90     -5.32     83.34     -0.85      0.00         0         0         2
       260    938.52     -2.89     -5.42     82.62     -0.91      0.00         0         0         2
       270    938.22     -2.15     -5.35     78.68     -0.94      0.00         0         0         2
       280    937.96     -2.26     -5.31     79.54     -0.74      0.00         0         0         2
       290    937.76     -2.97     -5.35     83.62     -0.86      0.00         0         0         2
       300    937.72     -2.75     -5.25     82.88     -0.67      0.00         0         0         2
       310    937.76     -2.79     -5.22     83.30     -0.60      0.00         0         0         2
       320    937.52     -2.58     -5.24     81.86     -0.61      0.00         0         0         2
       330    937.31     -2.15     -5.15     79.88     -0.54      0.00         0         0         2
       340    937.59     -2.74     -5.31     82.41     -0.49      0.00         0         0         2
       350    937.46     -2.72     -5.27     82.57     -0.56      0.00         0         0         2
       360    937.32     -2.69     -5.21     82.75     -0.47      0.00         0         0         2
       370    937.40     -2.40     -5.21     81.00     -0.38      0.00         0         0         2
       380    937.14     -2.70     -5.19     82.88     -0.11      0.00         0         0         2
       390    936.96     -1.83     -5.02     78.73      0.46      0.00         0         0         2
       400    937.52     -2.46     -5.26     81.01      1.13      0.00         0         0         2
       410    937.21     -2.07     -5.21     79.04      1.78      0.00         0         0         2
       420    937.03     -2.20     -5.27     79.40      2.05      0.00         0         0         2
       430    937.24     -1.92     -5.08     78.94      2.52      0.00         0         0         2
       440    937.07     -1.32     -4.81     77.08      2.73      0.00         0         0         2
       450    936.87     -2.09     -4.93     80.88      2.79      0.00         0         0         2
       460    937.18     -1.66     -4.82     78.95      3.09      0.00         0         0         2
       470    936.24     -1.77     -4.85     79.45      3.02      0.00         0         0         2
       480    936.57     -1.77     -4.80     79.74      3.08      0.00         0         0         2
       490    936.58     -2.52     -4.92     83.58      3.00      0.00         0         0         2
       500    936.93     -2.73     -4.92     84.87      3.05      0.00         0         0         2
       510    937.08     -2.64     -5.01     83.65      3.16      0.00         0         0         2
       520    937.13     -2.28     -4.94     81.96      3.18      0.00         0         0         2
       530    937.36     -2.43     -4.93     82.92      3.17      0.00         0         0         2
       540    937.41     -2.75     -4.95     84.84      3.26      0.00         0         0         2
       550    937.38     -2.54     -5.02     83.07      3.30      0.00         0         0         2
       560    937.26     -2.42     -4.92     82.89      3.38      0.00         0         0         2
       570    937.24     -1.85     -4.98     79.14      3.47      0.00         0         0         2
       580    937.18     -2.63     -5.04     83.45      3.28      0.00         0         0         2
       590    937.40     -1.90     -5.00     79.30      3.48      0.00         0         0         2
       600    937.53     -2.83     -4.99     85.00      3.48      0.00         0         0         2
       610    937.66     -2.63     -4.95     84.04      3.63      0.00         0         0         2
       620    937.54     -2.28     -4.93     82.01      3.51      0.00         0         0         2
       630    937.34     -2.33     -4.96     82.12      3.53      0.00         0         0         2
       640    937.03     -2.52     -4.86     83.90      3.52      0.00         0         0         2
       650    936.95     -2.39     -4.63     84.53      3.48      0.00         0         0         2
       660    937.01     -2.57     -4.97     83.52      3.48      0.00         0         0         2
       670    936.79     -2.70     -4.85     85.12      3.53      0.00         0         0         2
       680    936.81     -2.25     -4.81     82.53      3.28      0.00         0         0         2
       690    936.69     -2.34     -4.78     83.33      3.56      0.00         0         0         2
       700    936.62     -2.75     -4.73     86.18      3.61      0.00         0         0         2
       710    936.44     -1.72     -4.72     79.92      3.78      0.00         0         0         2
       720    936.37     -2.58     -4.61     85.91      3.77      0.00         0         0         2
       730    936.27     -2.55     -4.71     85.05      3.67      0.00         0         0         2
       740    936.27     -2.83     -4.83     86.07      3.58      0.00         0         0         2
       750    936.24     -2.71     -4.75     85.79      3.56      0.00         0         0         2
       760    936.11     -2.47     -4.66     84.87      3.69      0.00         0         0         2
       770    936.17     -2.47     -4.71     84.56      3.65      0.00         0         0         2
       780    936.29     -2.63     -4.87     84.49      3.29      0.00         0         0         2
       790    936.28     -2.40     -4.59     84.85      3.28      0.00         0         0         2
       800    936.27     -2.53     -4.52     86.13      3.28      0.00         0         0         2
       810    936.29     -2.51     -4.51     86.05      3.48      0.00         0         0         2
       820    936.28     -2.69     -4.75     85.67      3.51      0.00         0         0         2
       830    936.41     -2.52     -4.72     84.85      3.42      0.00         0         0         2
       840    936.58     -2.48     -4.68     84.80      3.22      0.00         0         0         2
       850    936.63     -2.64     -4.88     84.48      3.17      0.00         0         0         2
       860    936.71     -2.59     -4.92     83.96      3.08      0.00         0         0         2
       870    936.81     -2.63     -4.91     84.28      2.87      0.00         0         0         2
       880    936.94     -2.56     -4.92     83.79      2.77      0.00         0         0         2
       890    936.90     -2.58     -5.04     83.17      2.64      0.00         0         0         2
       900    936.93     -2.59     -4.92     83.94      2.55      0.00         0         0         2
       910    937.09     -2.65     -4.76     85.37      2.29      0.00         0         0         2
       920    937.15     -2.83     -4.51     88.16      2.01      0.00         0         0         2
       930    937.22     -2.92     -4.10     91.54      1.74      0.00         0         0         2
       940    937.42     -3.11     -4.28     91.55      1.50      0.00         0         0         2
       950    937.57     -2.83     -4.16     90.57      1.12      0.00         0         0         2
       960    937.64     -2.87     -4.25     90.17      0.54      0.00         0         0         2
       970    937.81     -3.04     -4.08     92.50      0.14      0.00         0         0         2
       980    937.99     -3.10     -4.38     90.84      0.08      0.00         0         0         2
       990    938.14     -3.01     -3.88     93.67      0.11      0.00         0         0         2
      1000    938.30     -2.92     -4.16     91.08      0.10      0.00         0         0         2
      1010    938.44     -2.91     -3.98     92.35      0.08      0.00         0         0         2
      1020    938.54     -3.04     -3.97     93.27      0.06      0.00         0         0         2
      1030    938.67     -2.90     -3.84     93.15      0.00      0.00         0         0         2
      1040    938.78     -2.84     -3.87     92.58     -0.05      0.00         0         0         2
      1050    938.92     -2.85     -3.96     91.98     -0.06      0.00         0         0         2
      1060    939.04     -2.86     -3.69     93.96     -0.06      0.00         0         0         2
      1070    939.19     -2.63     -3.40     94.42     -0.04      0.00         0         0         2
      1080    939.35     -2.64     -3.94     90.75     -0.05      0.00         0         0         2
      1090    939.49     -2.32     -3.58     91.03     -0.03      0.00         0         0         2
      1100    939.62     -2.42     -3.42     92.83     -0.07      0.00         0         0         2
      1110    939.85     -2.31     -3.02     94.90     -0.11      0.00         0         0         2
      1120    940.07     -2.23     -3.24     92.73     -0.11      0.00         0         0         2
      1130    940.20     -2.23     -3.39     91.74     -0.11      0.00         0         0         2
      1140    940.32     -2.17     -3.70     89.24     -0.12      0.00         0         0         2
      1150    940.50     -2.30     -3.75     89.73     -0.14      0.00         0         0         2
      1160    940.64     -2.32     -3.32     92.82     -0.15      0.00         0         0         2
      1170    940.80     -2.10     -3.64     89.16     -0.15      0.00         0         0         2
      1180    941.00     -2.35     -3.56     91.37     -0.14      0.00         0         0         2
      1190    941.16     -2.20     -3.54     90.51     -0.18      0.00         0         0         2
      1200    941.32     -2.29     -3.36     92.29     -0.18      0.00         0         0         2
      1210    941.52     -2.16     -3.37     91.37     -0.19      0.00         0         0         2
      1220    941.72     -2.29     -3.48     91.53     -0.21      0.00         0         0         2
      1230    941.88     -2.39     -3.35     93.12     -0.21      0.00         0         0         2
      1240    942.01     -2.28     -3.29     92.82     -0.24      0.00         0         0         2
      1250    942.20     -1.94     -3.62     88.21     -0.23      0.00         0         0         2
      1260    942.35     -2.29     -3.54     91.06     -0.23      0.00         0         0         2
      1270    942.51     -2.10     -3.66     89.01     -0.22      0.00         0         0         2
      1280    942.65     -2.41     -3.73     90.65     -0.23      0.00         0         0         2
      1290    942.75     -2.33     -3.27     93.24     -0.23      0.00         0         0         2
      1300    942.87     -2.24     -3.56     90.66     -0.18      0.00         0         0         2
      1310    943.01     -2.19     -3.77     88.86     -0.15      0.00         0         0         2
      1320    943.22     -2.53     -3.86     90.58     -0.09      0.00         0         0         2
      1330    943.39     -2.20     -2.99     94.29     -0.11      0.00         0         0         2
      1340    943.44     -2.00     -3.14     91.91     -0.13      0.00         0         0         2
      1350    943.63     -2.23     -3.56     90.62     -0.15      0.00         0         0         2
      1360    943.75     -1.85     -3.33     89.58     -0.16      0.00         0         0         2
      1370    943.85     -2.09     -3.86     87.64     -0.21      0.00         0         0         2
      1380    943.87     -2.06     -3.95     86.91     -0.29      0.00         0         0         2
      1390    944.00     -1.95     -3.66     88.06     -0.29      0.00         0         0         2
      1400    944.09     -1.88     -3.66     87.55     -0.29      0.00         0         0         2
      1410    944.05     -1.65     -4.13     83.14     -0.30      0.00         0         0         2
      1420    944.02     -1.99     -3.96     86.32     -0.29      0.00         0         0         2
      1430    944.16     -1.86     -3.86     86.15     -0.32      0.00         0         0         2
