43 1001
Wienhold, Frank G.
Institute for Atmosheric and Climate Science (IAC), ETH Zurich, Switzerland
meteorological station on the roof of the ETH CHN building
permanent monitoring
1 1
2010 12 03  2010 12 03
0.0
time in minutes since 2010-12-03 0h00 GMT
17
     1.0     1.0     1.0     1.0     1.0     1.0     1.0     1.0     1.0     1.0     1.0     1.0     1.0     1.0     1.0     1.0     1.0
 99999.0 99999.0 99999.0 99999.0 99999.0 99999.0 99999.0 99999.0 99999.0 99999.0 99999.0 99999.0 99999.0 99999.0 99999.0 99999.0 99999.0
air pressure (hPa)
air temperature (deg C)
dew point(deg C)
relative humidity (percent)
illuminance (log base 10 of value in Lux)
rain accumulated during 10 min measurement interval (mm)
mean vector wind speed (m/s)
mean scalar wind speed (m/s)
mean wind direction (deg)
peak wind speed  (m/s)
direction of wind peek (deg)
mean north component (m/s)
mean east component (m/s)
barometer status code
thygan status code
interface sensor status code
wind sensor status code
5
station data 
location: roof of building CHN, Universitaestrasse 16, CH 8092 Zurich, Switzerland
latitude 47.37929 deg north
longitude 8.54872 deg east
elevation 510 m above sea level
7
This data can be used freely for scientific analysis.
The user agrees to cite IAC ETH Zurich as source of the data
and to consult IAC ETH Zurich before data is used for publication.

      time     p_air     T_air     T_dew        RH     illum      rain  wspd_vec  wspd_scl      wdir   wspd_pk   wdir_pk wcp_north  wcp_east      baro    thygan       ifs      wind
     (min)     (hPa)   (deg C)   (deg C) (percent)(log10lux)      (mm)     (m/s)     (m/s)     (deg)     (m/s)     (deg)     (m/s)     (m/s)  (status)  (status)  (status)  (status)

         0    948.22     -3.82     -5.65     87.10     -0.99      0.00      1.22      1.24    277.00      2.10    267.00      0.15     -1.21         0         0         2       128
        10    948.15     -3.55     -5.58     85.79     -0.82      0.00      0.54      0.84    314.00      1.84    292.00      0.37     -0.38         0         0         2       128
        20    947.98     -3.55     -5.58     85.79     -0.97      0.00      0.97      1.04    130.00      2.73    114.00     -0.62      0.74         0         0         3       128
        30    948.01     -3.02     -5.27     84.42     -0.95      0.00      0.88      1.18    160.00      2.91    117.00     -0.82      0.30         0         0         2       128
        40    948.17     -4.27     -6.02     87.59     -0.81      0.00      1.26      1.53    268.00      2.16    193.00     -0.05     -1.26         0         0         2       128
        50    948.18     -4.35     -6.11     87.50     -0.87      0.00      1.63      1.69    299.00      2.33    301.00      0.78     -1.43         0         0         2       128
        60    948.21     -4.55     -6.19     88.27     -0.80      0.00      1.19      1.23    303.00      1.97    294.00      0.65     -1.00         0         0         2       128
        70    948.11     -4.06     -5.92     86.84     -0.90      0.00      0.93      0.98      6.00      1.70    357.00      0.93      0.10         0         0         2       128
        80    948.11     -3.58     -5.53     86.31     -0.91      0.00      0.52      0.77     43.00      1.72    126.00      0.38      0.35         0         0         2       128
        90    948.11     -3.29     -5.19     86.67     -0.82      0.00      1.34      1.42    128.00      2.86    126.00     -0.83      1.06         0         0         2       128
       100    948.13     -3.41     -4.97     88.95     -0.73      0.00      0.93      0.99    118.00      2.12     98.00     -0.43      0.82         0         0         2       128
       110    948.18     -3.31     -5.03     87.80     -0.68      0.00      0.50      0.73    131.00      2.19    114.00     -0.32      0.38         0         0         2       128
       120    948.13     -3.19     -5.08     86.74     -0.67      0.00      0.54      0.75    232.00      2.11    265.00     -0.34     -0.42         0         0         2       128
       130    948.11     -3.33     -5.10     87.55     -0.64      0.00      1.16      1.28    276.00      1.94    258.00      0.12     -1.15         0         0         2       128
       140    948.12     -3.50     -5.12     88.47     -0.67      0.00      1.21      1.32    305.00      2.16    283.00      0.70     -0.99         0         0         2       128
       150    948.07     -3.22     -5.01     87.45     -0.66      0.00      0.76      0.86     21.00      1.46     16.00      0.71      0.28         0         0         2       128
       160    948.00     -3.21     -4.97     87.59     -0.65      0.00      0.46      0.67    211.00      1.72    216.00     -0.40     -0.23         0         0         2       128
       170    947.90     -3.43     -5.15     87.78     -0.66      0.00      1.41      1.43    252.00      2.63    261.00     -0.44     -1.33         0         0         2       128
       180    947.90     -3.11     -4.73     88.49     -0.60      0.00      1.19      1.26    179.00      2.62    173.00     -1.19      0.02         0         0         2       128
       190    947.86     -2.77     -4.74     86.30     -0.57      0.00      1.56      1.74    163.00      3.29    160.00     -1.49      0.45         0         0         2       128
       200    947.90     -3.21     -4.87     88.27     -0.53      0.00      0.77      1.12    199.00      2.33    313.00     -0.72     -0.25         0         0         2       128
       210    947.90     -3.65     -5.32     88.15     -0.56      0.00      2.76      2.89    350.00      4.00      1.00      2.72     -0.47         0         0         2       128
       220    947.84     -3.75     -5.36     88.54     -0.60      0.00      2.31      2.32    357.00      3.30      2.00      2.31     -0.11         0         0         2       128
       230    947.83     -3.85     -5.49     88.39     -0.61      0.00      2.38      2.39    356.00      4.00    359.00      2.37     -0.18         0         0         2       128
       240    947.77     -3.76     -5.51     87.66     -0.65      0.00      2.64      2.65      1.00      4.20    359.00      2.64      0.06         0         0         2       128
       250    947.75     -3.85     -5.48     88.38     -0.62      0.00      2.54      2.55    355.00      3.22    353.00      2.53     -0.22         0         0         2       128
       260    947.75     -3.93     -5.47     89.01     -0.65      0.00      2.14      2.16      1.00      3.00      2.00      2.14      0.05         0         0         2       128
       270    947.69     -3.73     -5.32     88.67     -0.58      0.00      1.19      1.20      7.00      1.82      9.00      1.18      0.15         0         0         2       128
       280    947.70     -3.30     -5.18     86.83     -0.57      0.00      0.48      0.82     26.00      1.97     30.00      0.43      0.21         0         0         2       128
       290    947.70     -3.48     -5.21     87.74     -0.59      0.00      0.76      1.06     80.00      2.65    101.00      0.13      0.75         0         0         2       128
       300    947.67     -3.17     -5.27     85.36     -0.57      0.00      1.07      1.26     72.00      3.14     99.00      0.33      1.02         0         0         2       128
       310    947.71     -3.30     -5.24     86.43     -0.46      0.00      1.05      1.24     82.00      3.11     94.00      0.14      1.04         0         0         2       128
       320    947.73     -2.61     -5.36     81.30     -0.46      0.00      1.73      1.84     72.00      3.83     70.00      0.52      1.65         0         0         2       128
       330    947.72     -1.97     -5.51     76.66     -0.42      0.00      1.75      1.85     56.00      3.36     23.00      0.98      1.45         0         0         2       128
       340    947.75     -2.76     -5.39     82.04     -0.39      0.00      1.65      1.76     69.00      3.82     96.00      0.59      1.54         0         0         2       128
       350    947.77     -2.47     -5.53     79.41     -0.38      0.00      1.66      1.76     56.00      3.36     67.00      0.93      1.38         0         0         2       128
       360    947.82     -3.72     -5.50     87.36     -0.35      0.00      1.80      1.88     58.00      2.97     70.00      0.96      1.52         0         0         2       128
       370    947.83     -1.80     -5.65     74.94     -0.27      0.00      2.02      2.09     61.00      3.19     58.00      0.97      1.77         0         0         2       128
       380    947.79     -3.20     -5.80     82.22      0.09      0.00      1.44      1.56     69.00      3.00     60.00      0.52      1.35         0         0         2       128
       390    947.76     -2.80     -5.87     79.37      0.88      0.00      1.47      1.56     83.00      3.34     99.00      0.17      1.46         0         0         2       128
       400    947.80     -2.88     -6.05     78.74      1.48      0.00      1.35      1.49     67.00      3.26    101.00      0.52      1.25         0         0         2       128
       410    947.81     -3.94     -5.88     86.31      1.90      0.00      1.96      2.03     38.00      3.27     23.00      1.54      1.21         0         0         2       128
       420    947.87     -3.70     -5.78     85.47      2.18      0.00      2.18      2.25     25.00      3.96     16.00      1.97      0.93         0         0         2       128
       430    947.89     -3.90     -5.81     86.55      2.46      0.00      2.28      2.36     26.00      3.77     11.00      2.06      0.99         0         0         2       128
       440    947.96     -4.12     -5.90     87.37      2.66      0.00      1.93      2.02     22.00      3.72     31.00      1.78      0.73         0         0         2       128
       450    947.99     -4.31     -5.84     89.03      2.87      0.00      2.33      2.41     24.00      4.35     23.00      2.13      0.95         0         0         2       128
       460    948.06     -4.16     -5.79     88.42      3.07      0.00      2.42      2.52     16.00      4.46     16.00      2.33      0.67         0         0         2       128
       470    948.09     -4.30     -5.98     88.03      3.13      0.00      1.81      1.91     22.00      3.18     13.00      1.67      0.68         0         0         2       128
       480    948.07     -4.29     -5.90     88.51      3.18      0.00      2.06      2.14     20.00      4.21     18.00      1.93      0.71         0         0         2       128
       490    948.03     -4.04     -6.00     86.18      3.26      0.00      1.59      1.68     21.00      3.20     20.00      1.49      0.56         0         0         2       128
       500    947.97     -3.61     -5.78     84.89      3.62      0.00      1.58      1.69     43.00      3.42     75.00      1.15      1.08         0         0         2       128
       510    948.04     -3.89     -5.96     85.50      3.63      0.00      1.48      1.64     48.00      3.89     72.00      0.99      1.10         0         0         2       128
       520    948.13     -3.37     -5.78     83.36      3.70      0.00      1.54      1.62     17.00      2.92      6.00      1.47      0.46         0         0         2       128
       530    948.16     -4.11     -6.13     85.76      3.85      0.00      2.12      2.18     27.00      3.51     20.00      1.89      0.97         0         0         2       128
       540    948.12     -3.91     -5.92     85.88      3.88      0.00      1.95      2.04     19.00      3.52      7.00      1.84      0.63         0         0         2       128
       550    948.19     -4.39     -6.16     87.38      3.92      0.00      3.27      3.34    352.00      5.04    346.00      3.24     -0.45         0         0         2       128
       560    948.34     -4.58     -6.31     87.69      4.00      0.00      3.77      3.86    352.00      5.65     13.00      3.74     -0.50         0         0         2       128
       570    948.40     -4.30     -6.46     84.82      3.92      0.00      3.69      3.80      0.00      6.67     13.00      3.69      0.02         0         0         2       128
       580    948.48     -4.49     -6.54     85.51      3.84      0.00      4.77      4.79     17.00      6.60     14.00      4.56      1.38         0         0         2       128
       590    948.39     -3.87     -6.19     83.86      3.89      0.00      2.70      2.76     10.00      4.71     17.00      2.66      0.48         0         0         2       128
       600    948.28     -4.04     -6.50     83.00      4.10      0.00      2.50      2.61     26.00      5.64     25.00      2.25      1.10         0         0         2       128
       610    948.35     -3.95     -6.50     82.38      4.02      0.00      2.83      2.92     26.00      5.16     32.00      2.55      1.23         0         0         2       128
       620    948.24     -3.86     -6.60     81.25      4.11      0.00      3.59      3.64     20.00      5.79     18.00      3.38      1.21         0         0         2       128
       630    948.14     -4.47     -6.69     84.45      4.03      0.00      2.33      2.44     37.00      4.85     22.00      1.86      1.40         0         0         2       128
       640    948.22     -4.35     -6.74     83.38      3.97      0.00      2.11      2.23     50.00      3.81     60.00      1.36      1.61         0         0         2       128
       650    948.07     -3.41     -6.46     79.38      4.12      0.00      1.85      2.04     48.00      4.14     82.00      1.25      1.37         0         0         2       128
       660    948.00     -3.79     -6.55     81.07      3.95      0.00      2.61      2.71     53.00      4.39     66.00      1.57      2.08         0         0         2       128
       670    948.13     -3.98     -6.59     82.01      4.03      0.00      1.76      1.85     40.00      4.27     16.00      1.34      1.14         0         0         2       128
       680    948.00     -2.86     -6.26     77.36      4.15      0.00      2.14      2.23     23.00      4.42      5.00      1.97      0.84         0         0         2       128
       690    948.03     -3.86     -6.63     81.02      4.06      0.00      2.53      2.58     29.00      3.83     15.00      2.21      1.24         0         0         2       128
       700    948.05     -3.59     -6.85     78.07      4.03      0.00      2.15      2.27     38.00      3.86     21.00      1.69      1.32         0         0         2       128
       710    947.97     -3.33     -6.62     77.93      4.09      0.00      1.87      1.98     60.00      3.45     80.00      0.92      1.62         0         0         2       128
       720    947.98     -3.91     -6.74     80.62      4.16      0.00      1.31      1.50     78.00      2.98    104.00      0.26      1.29         0         0         2       128
       730    947.94     -3.70     -6.39     81.53      3.96      0.00      0.73      1.12     31.00      2.30    358.00      0.62      0.38         0         0         2       128
       740    947.93     -3.45     -6.21     81.11      4.02      0.00      1.28      1.41     51.00      2.73     28.00      0.80      1.00         0         0         2       128
       750    948.05     -3.49     -6.16     81.72      3.96      0.00      0.76      1.01     77.00      2.51     85.00      0.17      0.74         0         0         2       128
       760    948.03     -3.02     -5.96     80.10      3.82      0.00      1.12      1.29     28.00      3.35     10.00      0.98      0.53         0         0         2       128
       770    948.16     -3.92     -6.39     82.94      3.69      0.00      1.22      1.33    323.00      2.25    302.00      0.98     -0.73         0         0         2       128
       780    948.26     -3.42     -6.19     81.11      3.64      0.00      0.84      1.12    355.00      2.22      8.00      0.84     -0.07         0         0         2       128
       790    948.29     -3.84     -6.11     84.21      3.52      0.00      1.39      1.52    286.00      3.74    286.00      0.38     -1.34         0         0         2       128
       800    948.38     -3.63     -6.05     83.26      3.31      0.00      1.89      1.94    273.00      3.44    278.00      0.11     -1.89         0         0         2       128
       810    948.49     -3.88     -6.19     83.95      3.46      0.00      2.18      2.23    275.00      3.81    275.00      0.20     -2.17         0         0         2       128
       820    948.64     -3.84     -6.07     84.48      3.49      0.00      2.35      2.43    283.00      3.83    263.00      0.54     -2.29         0         0         2       128
       830    948.83     -4.02     -6.38     83.61      3.28      0.00      2.52      2.58    276.00      4.49    258.00      0.27     -2.51         0         0         2       128
       840    948.92     -3.69     -6.16     82.90      3.14      0.00      1.48      1.55    284.00      3.13    277.00      0.37     -1.44         0         0         2       128
       850    949.10     -3.65     -6.36     81.41      3.16      0.00      1.05      1.28    327.00      2.38    338.00      0.88     -0.57         0         0         2       128
       860    949.19     -3.46     -6.52     79.30      3.18      0.00      1.40      1.52    284.00      3.79    258.00      0.34     -1.36         0         0         2       128
       870    949.35     -3.92     -6.66     81.23      3.15      0.00      1.87      1.95    285.00      3.32    277.00      0.48     -1.80         0         0         2       128
       880    949.51     -3.96     -6.58     81.98      3.10      0.00      2.36      2.44    289.00      4.04    279.00      0.79     -2.22         0         0         2       128
       890    949.63     -3.93     -6.63     81.46      3.08      0.00      1.91      1.99    288.00      3.41    273.00      0.59     -1.82         0         0         2       128
       900    949.74     -3.69     -6.45     81.10      2.87      0.00      0.74      0.84    341.00      1.75    294.00      0.70     -0.23         0         0         2       128
       910    949.88     -3.56     -6.34     80.97      2.77      0.00      0.78      0.97    278.00      1.84    248.00      0.12     -0.78         0         0         2       128
       920    949.99     -3.46     -6.49     79.51      2.53      0.00      1.47      1.52    247.00      2.82    264.00     -0.57     -1.35         0         0         2       128
       930    950.15     -3.50     -6.46     79.88      2.23      0.00      1.76      1.83    180.00      3.11    174.00     -1.76     -0.01         0         0         2       128
       940    950.35     -3.23     -6.20     79.86      1.98      0.00      1.20      1.35    211.00      2.65    191.00     -1.03     -0.61         0         0         2       128
       950    950.52     -3.57     -6.46     80.34      1.59      0.00      1.17      1.28    166.00      2.45    168.00     -1.14      0.29         0         0         2       128
       960    950.70     -3.14     -6.16     79.61      1.08      0.00      1.33      1.62    190.00      2.80    180.00     -1.31     -0.24         0         0         2       128
       970    950.86     -2.77     -6.10     77.76      0.29      0.00      1.42      1.49    164.00      2.71    184.00     -1.37      0.39         0         0         2       128
       980    951.07     -3.34     -6.34     79.64     -0.27      0.00      1.51      1.60    184.00      2.61    176.00     -1.51     -0.11         0         0         2       128
       990    951.25     -3.27     -6.38     79.04     -0.72      0.00      1.12      1.29    212.00      2.91    176.00     -0.95     -0.59         0         0         2       128
      1000    951.38     -3.46     -6.59     78.90     -0.85      0.00      1.37      1.50    198.00      3.21    176.00     -1.30     -0.43         0         0         2       128
      1010    951.47     -3.64     -6.56     80.17     -1.09      0.00      2.24      2.27    188.00      3.61    175.00     -2.22     -0.32         0         0         2       128
      1020    951.61     -3.78     -6.69     80.15     -1.05      0.00      1.97      2.02    186.00      3.26    191.00     -1.96     -0.22         0         0         2       128
      1030    951.80     -3.71     -6.62     80.17     -1.11      0.00      1.17      1.29    192.00      2.80    178.00     -1.14     -0.25         0         0         2       128
      1040    951.92     -3.49     -6.64     78.78     -1.16      0.00      0.49      0.71    228.00      1.80    183.00     -0.33     -0.37         0         0         2       128
      1050    952.06     -3.32     -6.37     79.42     -1.08      0.00      0.79      0.89    225.00      2.00    183.00     -0.56     -0.56         0         0         2       128
      1060    952.19     -3.50     -6.49     79.71     -1.14      0.00      0.98      1.09    252.00      2.35    258.00     -0.29     -0.93         0         0         2       128
      1070    952.28     -3.54     -6.31     81.04     -1.12      0.00      1.06      1.16    267.00      2.10    267.00     -0.05     -1.06         0         0         2       128
      1080    952.39     -3.67     -6.20     82.59     -1.09      0.00      1.47      1.55    348.00      2.85     18.00      1.44     -0.31         0         0         2       128
      1090    952.49     -3.67     -6.26     82.22     -1.10      0.00      1.63      1.67    357.00      2.56     21.00      1.63     -0.08         0         0         2       128
      1100    952.62     -3.58     -6.12     82.53     -1.03      0.00      1.30      1.33    357.00      2.02      9.00      1.30     -0.06         0         0         2       128
      1110    952.92     -3.74     -6.18     83.07     -1.03      0.00      2.04      2.07    356.00      3.11    356.00      2.04     -0.15         0         0         2       128
      1120    953.06     -3.58     -6.12     82.48     -1.01      0.00      1.08      1.21    327.00      1.99    342.00      0.90     -0.59         0         0         2       128
      1130    953.29     -3.83     -6.34     82.67     -0.98      0.00      1.85      1.98    300.00      3.32    277.00      0.92     -1.60         0         0         2       128
      1140    953.48     -3.83     -6.20     83.60     -1.07      0.00      2.36      2.40    287.00      3.67    281.00      0.70     -2.25         0         0         2       128
      1150    953.54     -3.87     -6.16     84.03     -1.16      0.00      2.42      2.50    290.00      3.96    260.00      0.82     -2.27         0         0         2       128
      1160    953.61     -3.76     -6.21     83.05     -1.15      0.00      2.08      2.14    280.00      3.91    273.00      0.37     -2.04         0         0         2       128
      1170    953.82     -3.71     -6.04     83.78     -0.77      0.00      2.19      2.25    281.00      3.52    277.00      0.42     -2.15         0         0         2       128
      1180    954.00     -3.74     -5.96     84.56     -0.95      0.00      1.97      2.02    279.00      3.81    273.00      0.30     -1.95         0         0         2       128
      1190    954.10     -3.77     -5.84     85.46     -0.91      0.00      2.34      2.36    284.00      3.04    287.00      0.57     -2.27         0         0         2       128
      1200    954.26     -3.80     -5.76     86.25     -0.60      0.00      2.11      2.13    278.00      3.50    268.00      0.28     -2.09         0         0         2       128
      1210    954.44     -3.74     -5.85     85.23     -0.42      0.00      1.43      1.48    298.00      2.47    291.00      0.68     -1.26         0         0         2       128
      1220    954.63     -3.66     -5.66     85.99     -0.44      0.00      1.95      1.96    294.00      2.88    290.00      0.78     -1.79         0         0         2       128
      1230    954.79     -3.75     -5.94     84.74     -0.27      0.00      2.55      2.59    294.00      3.49    294.00      1.03     -2.34         0         0         2       128
      1240    954.90     -3.74     -6.12     83.54     -0.29      0.00      2.53      2.57    287.00      4.44    278.00      0.73     -2.42         0         0         2       128
      1250    954.93     -3.97     -6.18     84.55     -0.46      0.00      1.81      1.90    281.00      4.20    271.00      0.35     -1.77         0         0         2       128
      1260    954.97     -3.79     -5.73     86.37     -0.49      0.00      1.18      1.25    303.00      2.33    295.00      0.64     -0.99         0         0         2       128
      1270    955.01     -3.63     -5.97     83.79     -0.84      0.00      0.56      0.70    313.00      1.49    340.00      0.38     -0.41         0         0         2       128
      1280    955.07     -3.78     -6.03     84.38     -0.30      0.00      0.97      1.00    327.00      1.70    320.00      0.81     -0.53         0         0         2       128
      1290    955.26     -3.69     -5.88     84.73     -0.34      0.00      0.99      1.05    300.00      1.80    273.00      0.49     -0.86         0         0         2       128
      1300    955.43     -3.82     -5.97     84.95     -0.24      0.00      0.94      1.07    274.00      1.71    277.00      0.07     -0.93         0         0         2       128
      1310    955.49     -3.38     -5.76     83.54     -0.36      0.00      0.11      0.42    233.00      1.04    163.00     -0.07     -0.09         0         0         2       128
      1320    955.51     -3.34     -5.68     83.82     -0.50      0.00      0.39      0.48    244.00      0.98    246.00     -0.17     -0.35         0         0         2       128
      1330    955.59     -3.53     -5.79     84.30     -0.50      0.00      0.74      0.82    295.00      1.33    257.00      0.31     -0.67         0         0         2       128
      1340    955.69     -3.34     -5.84     82.79     -0.35      0.00      0.95      1.00    285.00      1.73    260.00      0.25     -0.92         0         0         2       128
      1350    955.75     -3.41     -5.81     83.45     -0.50      0.00      1.10      1.19    307.00      2.16    304.00      0.66     -0.87         0         0         2       128
      1360    955.75     -3.24     -5.76     82.64     -0.55      0.00      0.80      0.98    321.00      1.90    357.00      0.62     -0.51         0         0         2       128
      1370    955.69     -3.38     -5.98     82.11     -0.64      0.00      0.94      1.04    342.00      2.20    357.00      0.89     -0.29         0         0         2       128
      1380    955.71     -3.30     -5.88     82.30     -0.90      0.00      0.72      0.86    312.00      1.90    288.00      0.48     -0.53         0         0         2       128
      1390    955.71     -3.22     -5.84     82.09     -1.15      0.00      1.12      1.21    315.00      2.28    345.00      0.80     -0.79         0         0         2       128
      1400    955.75     -3.40     -5.92     82.68     -0.97      0.00      1.23      1.38    319.00      2.53    351.00      0.92     -0.81         0         0         2       128
      1410    955.82     -3.51     -5.71     84.68     -1.13      0.00      0.53      0.88    280.00      2.12    262.00      0.10     -0.52         0         0         2       128
      1420    955.78     -3.55     -5.64     85.40     -1.19      0.00      0.23      0.39    313.00      1.00    143.00      0.16     -0.17         0         0         2       128
      1430    955.84     -3.54     -5.56     85.86     -0.89      0.00      0.35      0.51    278.00      1.30    274.00      0.05     -0.35         0         0         2       128
