 

stn    time           dkl010z0  fkl010z0  fkl010z1  gre000z0  hto000s0  prestas0  rre150z0  sre000z0  tre200s0  ure200s0
CHU    201801010000        216       1.7       3.0         5         -     946.3       0.0         0       2.3      82.7
CHU    201801010010        209       1.9       3.0         4         -     946.1       0.0         0       1.7      86.1
CHU    201801010020        216       2.0       3.2         3         -     946.1       0.0         0       3.5      77.7
CHU    201801010030        227       2.6       4.4         4         -     946.0       0.0         0       3.2      79.6
CHU    201801010040        212       1.6       2.7         5         -     946.0       0.0         0       2.5      82.6
CHU    201801010050        200       1.4       3.8         4         -     946.3       0.0         0       3.2      80.1

