Sta.   Date         tre200s0  ure200s0  prestas0  fkl010z1  fkl010z0  dkl010z0  sre000z0  gre000z0  hto000s0  rre150z0  
TAE    202007300650 19.60     69.90     958.20    1.30      0.70      47.00     10.00     390.00    -         0.00      
TAE    202007300700 19.70     66.90     958.20    1.50      0.90      49.00     10.00     420.00    -         0.00      
TAE    202007300710 20.60     64.60     958.20    2.10      0.90      41.00     10.00     437.00    -         0.00      
TAE    202007300720 21.50     60.60     958.20    1.70      0.90      50.00     10.00     459.00    -         0.00      
TAE    202007300730 21.00     61.00     958.20    2.10      1.50      20.00     10.00     489.00    -         0.00      
TAE    202007300740 21.20     56.70     958.20    2.10      1.30      27.00     10.00     527.00    -         0.00      
TAE    202007300750 21.80     54.00     958.20    2.30      1.30      38.00     10.00     565.00    -         0.00      
TAE    202007300800 21.70     52.20     958.20    2.60      1.30      35.00     10.00     588.00    -         0.00      
TAE    202007300810 22.90     51.50     958.30    2.40      1.30      25.00     10.00     610.00    -         0.00      
TAE    202007300820 22.40     49.10     958.30    2.80      1.40      35.00     10.00     633.00    -         0.00      
TAE    202007300830 22.80     55.00     958.30    2.20      1.30      41.00     10.00     661.00    -         0.00      
TAE    202007300840 23.00     52.30     958.30    2.60      1.20      47.00     10.00     686.00    -         0.00      
TAE    202007300850 23.50     50.50     958.30    2.40      1.20      50.00     10.00     710.00    -         0.00      
TAE    202007300900 23.00     51.00     958.20    2.70      1.10      44.00     10.00     725.00    -         0.00      
TAE    202007300910 23.10     51.80     958.20    2.40      1.40      40.00     10.00     739.00    -         0.00      
TAE    202007300920 23.90     49.80     958.20    3.00      1.60      35.00     10.00     754.00    -         0.00      
