 

stn    time           dkl010z0  fkl010z0  fkl010z1  gre000z0  prestas0  rre150z0  sre000z0  tre200s0  ure200s0
ARH    201801010000        168       1.1       1.7         0     963.0       0.0         0       1.2      93.3
ARH    201801010010        203       0.6       1.0         0     962.9       0.0         0       1.1      92.8
ARH    201801010020        115       1.5       2.0         0     962.8       0.0         0       1.2      93.9
ARH    201801010030         96       1.9       2.7         0     962.8       0.0         0       1.2      93.3
ARH    201801010040         76       1.2       2.0         0     962.8       0.0         0       1.8      92.7
ARH    201801010050         43       0.4       0.7         0     962.8       0.0         0       1.9      92.4

stn    time           fk1towz0  fkltowz1  ta1tows0
BHF    201801010000        5.9       8.5       8.4
BHF    201801010010        7.2      11.0       8.8
BHF    201801010020        7.8      12.0       9.0
BHF    201801010030        9.0      13.0       8.7
BHF    201801010040        9.7      14.6       8.2
BHF    201801010050        7.5      15.7       7.2

stn    time           dkl010z0  fkl010z0  fkl010z1  gre000z0  hto000s0  prestas0  rre150z0  sre000z0  tre200s0  ure200s0
CHU    201801010000        216       1.7       3.0         5         -     946.3       0.0         0       2.3      82.7
CHU    201801010010        209       1.9       3.0         4         -     946.1       0.0         0       1.7      86.1
CHU    201801010020        216       2.0       3.2         3         -     946.1       0.0         0       3.5      77.7
CHU    201801010030        227       2.6       4.4         4         -     946.0       0.0         0       3.2      79.6
CHU    201801010040        212       1.6       2.7         5         -     946.0       0.0         0       2.5      82.6
CHU    201801010050        200       1.4       3.8         4         -     946.3       0.0         0       3.2      80.1

stn    time           dkl010z0  fkl010z0  fkl010z1  gre000z0  prestas0  rre150z0  sre000z0  tre200s0  ure200s0
EBK    201801010000        179       0.9       2.0         1     937.7       0.0         0       0.9      93.5
EBK    201801010010        161       0.9       1.8         1     937.7       0.0         0       0.9      94.3
EBK    201801010020        178       0.9       2.2         1     937.7       0.0         0       1.3      93.2
EBK    201801010030        114       1.0       1.7         1     937.7       0.0         0       2.0      91.4
EBK    201801010040        135       1.2       2.6         1     937.8       0.0         0       2.4      89.8
EBK    201801010050         66       0.8       3.2         2     937.9       0.0         0       3.5      85.1

stn    time           dkl010z0  fkl010z0  fkl010z1  gre000z0  hto000s0  prestas0  rre150z0  sre000z0  tre200s0  ure200s0
GLA    201801010000        140       1.3       1.9         2         -     950.2       0.0         0       2.4      80.7
GLA    201801010010        105       0.5       1.3         1         -     950.2       0.0         0       1.8      81.3
GLA    201801010020        246       1.1       2.1         2         -     950.2       0.0         0       2.6      78.8
GLA    201801010030        100       1.1       1.8         2         -     950.4       0.0         0       2.0      81.0
GLA    201801010040          0       0.8       1.2         1         -     950.5       0.0         0       1.5      83.4
GLA    201801010050        228       0.5       1.0         2         -     950.3       0.0         0       2.7      78.1

stn    time           fk1towz0  fkltowz1  ta1tows0
GUB    201801010000        6.1      12.9       7.5
GUB    201801010010        7.5      14.4       8.0
GUB    201801010020        6.6      16.3       7.8
GUB    201801010030        5.3      11.1       7.8
GUB    201801010040        3.7       7.9       7.4
GUB    201801010050        4.9       9.6       6.8

stn    time           dkl010z0  fkl010z0  fkl010z1  gre000z0  prestas0  rre150z0  sre000z0  tre200s0  ure200s0
HOE    201801010000        251      12.3      16.8         0     880.1       0.0         0       4.9      66.2
HOE    201801010010        270       9.3      15.8         0     880.2       0.0         0       4.4      68.5
HOE    201801010020        271      11.7      16.4         0     880.3       0.0         0       4.2      71.8
HOE    201801010030        274      11.2      16.1         0     880.3       0.0         0       3.9      76.4
HOE    201801010040        278      12.1      18.3         0     880.3       0.0         0       3.8      78.4
HOE    201801010050        280      13.1      20.5         0     880.4       0.0         0       3.5      82.0

stn    time           dkl010z0  fkl010z0  fkl010z1  gre000z0  hto000s0  prestas0  rre150z0  sre000z0  tre200s0  ure200s0
KLO    201801010000        224       5.7       9.6         1         -     959.8       0.0         0       8.5      72.7
KLO    201801010010        231       5.9       9.7         1         -     959.8       0.0         0       9.1      70.6
KLO    201801010020        237       7.1      11.9         1         -     959.8       0.0         0       9.3      70.2
KLO    201801010030        244       6.6      10.3         2         -     959.8       0.0         0       9.1      72.8
KLO    201801010040        260       7.5      13.7         3         -     960.2       0.0         0       8.5      79.3
KLO    201801010050        271       6.0      10.3         4         -     960.5       0.0         0       7.8      82.0

stn    time           dkl010z0  fkl010z1  gre000z0  prestas0  sre000z0  tre200s0  ure200s0
LAE    201801010000        208      12.0         1     911.8         0       6.2      80.0
LAE    201801010010        214      14.3         2     912.0         0       6.1      80.3
LAE    201801010020        220      13.2         3     912.2         0       5.7      84.4
LAE    201801010030        252      12.8         3     912.6         0       5.1      88.7
LAE    201801010040        277      13.1         4     912.7         0       4.4      92.3
LAE    201801010050        287      12.6         3     912.6         0       4.0      94.7

stn    time           fk1towz0  fkltowz1  ta1tows0
LCK    201801010000        7.7      10.7       7.3
LCK    201801010010        8.5      12.5       7.4
LCK    201801010020       10.5      15.5       7.6
LCK    201801010030        9.9      13.2       7.7
LCK    201801010040        8.2      11.1       7.7
LCK    201801010050        6.7       9.6       7.5

stn    time           fk1towz0  fkltowz1
NEE    201801010000        7.9      12.7
NEE    201801010010        8.0      12.1
NEE    201801010020        6.6      10.3
NEE    201801010030        5.0      11.1
NEE    201801010040        3.6       7.5
NEE    201801010050        3.2       6.6

stn    time           dkl010z0  fkl010z0  fkl010z1  prestas0  rre150z0  tre200s0  ure200s0
OBR    201801010000        259       3.1       5.3     962.3       0.0       3.9      82.7
OBR    201801010010        248       2.6       4.5     962.2       0.0       3.3      84.4
OBR    201801010020        248       1.9       4.2     962.1       0.0       2.5      87.8
OBR    201801010030        225       2.4       4.2     962.1       0.0       2.4      88.7
OBR    201801010040        265       1.8       3.8     962.0       0.0       2.4      89.9
OBR    201801010050        288       1.8       3.5     962.1       0.0       3.1      87.0

stn    time           dkl010z0  fkl010z0  fkl010z1  gre000z0  prestas0  rre150z0  sre000z0  tre200s0  ure200s0
PIL    201801010000        212       8.5      16.6         0     782.0       0.0         0      -1.3      82.1
PIL    201801010010        213       8.1      16.0         0     781.9       0.0         0      -1.3      82.6
PIL    201801010020        210       4.6      12.8         0     781.9       0.0         0      -1.0      80.8
PIL    201801010030        164       1.9       8.2         0     782.0       0.0         0      -1.4      85.2
PIL    201801010040        195       5.8      12.5         0     781.9       0.0         0      -2.2      96.6
PIL    201801010050        205       7.5      15.2         0     781.8       0.0         0      -2.1     100.0

stn    time           dkl010z0  fkl010z0  fkl010z1  gre000z0  prestas0  rre150z0  sre000z0  tre200s0  ure200s0  hto000s0
SAE    201801010000        256      13.3      22.4         0     743.9       0.0         0      -3.8      99.3         -
SAE    201801010010        258      13.9      20.7         0     743.8       0.0         0      -3.7      98.2         -
SAE    201801010020        255      14.8      21.6         0     743.8       0.0         0      -4.0      96.8         -
SAE    201801010030        257      15.9      23.2         0     743.5       0.0         0      -3.8      96.2         -
SAE    201801010040        253      11.3      20.9         0     743.4       0.0         0      -4.1      96.6         -
SAE    201801010050        253      11.0      22.9         0     743.5       0.0         0      -4.2      96.3         -

stn    time           dkl010z0  fkl010z0  fkl010z1  gre000z0  prestas0  rre150z0  sre000z0  tre200s0  ure200s0
SHA    201801010000        253       6.0       7.9         0     957.8       0.0         0       4.0      88.1
SHA    201801010010        255       6.1       7.8         0     958.0       0.0         0       3.8      89.9
SHA    201801010020        260       6.4       8.0         1     958.0       0.0         0       4.4      86.3
SHA    201801010030        257       6.6       8.0         0     958.2       0.0         0       4.8      85.4
SHA    201801010040        254       6.1       8.1         0     958.4       0.0         0       5.1      85.6
SHA    201801010050        255       5.8       7.8         0     958.5       0.0         0       5.9      81.5

stn    time           dkl010z0  fkl010z0  fkl010z1  gre000z0  hto000s0  prestas0  rre150z0  sre000z0  tre200s0  ure200s0
SMA    201801010000        248       7.2      13.0         0         -     945.1       0.0         0       8.1      69.6
SMA    201801010010        244       6.5      15.5         0         -     945.3       0.0         0       7.9      71.1
SMA    201801010020        241       8.2      14.4         0         -     945.2       0.0         0       7.9      72.0
SMA    201801010030        237       8.9      15.5         0         -     945.1       0.0         0       8.3      71.0
SMA    201801010040        237       8.9      15.5         0         -     945.2       0.0         0       8.5      70.0
SMA    201801010050        240       7.6      13.3         0         -     945.3       0.0         0       8.3      71.6

stn    time           dkl010z0  fkl010z0  fkl010z1  gre000z0  hto000s0  prestas0  rre150z0  sre000z0  tre200s0  ure200s0
STG    201801010000        220       5.5      11.3         0         -     920.0       0.0         0       8.9      54.0
STG    201801010010        218       4.8       9.4         0         -     919.9       0.0         0       8.6      55.7
STG    201801010020        228       5.3       9.9         0         -     919.7       0.0         0       8.5      57.1
STG    201801010030        227       5.2      11.6         0         -     919.7       0.0         0       8.6      57.8
STG    201801010040        228       4.4       9.2         0         -     919.7       0.0         0       9.0      55.4
STG    201801010050        227       4.1       7.1         0         -     919.8       0.0         0       8.8      56.3

stn    time           dkl010z0  fkl010z0  fkl010z1  gre000z0  prestas0  rre150z0  sre000z0  tre200s0  ure200s0
TAE    201801010000        232       1.5       4.1         1     946.6       0.0         0       7.9      67.2
TAE    201801010010        233       1.2       2.7         2     946.7       0.0         0       7.7      68.0
TAE    201801010020        265       2.7       6.7         1     946.9       0.0         0       8.1      68.0
TAE    201801010030        241       4.1       9.7         0     946.8       0.0         0       8.5      69.0
TAE    201801010040        232       5.2      12.1         1     946.7       0.0         0       8.7      69.6
TAE    201801010050        239       5.1      13.3         1     946.8       0.0         0       8.8      70.1

stn    time           fk1towz0  fkltowz1  gre000z0  sre000z0  ta1tows0
UEB    201801010000       17.3      18.8         3         0       4.9
UEB    201801010010       17.1      22.0         3         0       4.7
UEB    201801010020       18.4      22.6         2         0       4.6
UEB    201801010030       18.5      26.3         2         0       4.6
UEB    201801010040       16.1      19.5         2         0       4.7
UEB    201801010050       13.5      16.4         2         0       4.6

stn    time           uretowhs
UEB    2018010100         85.1
UEB    2018010101         94.5
UEB    2018010102        100.0
UEB    2018010103         97.5
UEB    2018010104         88.0
UEB    2018010105         82.4

stn    time           dkl010z0  fkl010z0  fkl010z1  gre000z0  prestas0  rre150z0  sre000z0  tre200s0  ure200s0
VAD    201801010000        138       2.7       4.4         2     956.8       0.0         0       6.3      63.5
VAD    201801010010        137       3.8       5.4         0     956.7       0.0         0       6.5      63.0
VAD    201801010020        129       3.5       6.0         1     956.7       0.0         0       7.0      60.2
VAD    201801010030        136       3.4       5.6         1     956.7       0.0         0       7.0      59.9
VAD    201801010040        130       3.6       6.6         1     956.8       0.0         0       6.9      60.2
VAD    201801010050        133       4.5       7.2         2     956.9       0.0         0       7.1      59.1

stn;time;dkl010b0;fkl010b0;gre000b0;tre200b0
KLO;2010010100;319;1.5;0;2.3
KLO;2010010101;317;1.7;0;2.3
KLO;2010010102;360;0.7;0;2.7
KLO;2010010103;117;1.4;0;2.7
KLO;2010010104;360;1.2;0;2.9
KLO;2010010105;321;1.3;0;2.7

stn;time;dk1towb0;fk1towb0;ta1towb0
UEB;2010010100;249;1.7;3.7
UEB;2010010101;259;2.1;3.5
UEB;2010010102;237;1.8;3.2
UEB;2010010103;225;0.3;3.1
UEB;2010010104;153;0.6;3.3
UEB;2010010105;129;1.9;3.3

stn    time           wkcap1d0  wkcap2d0  wkcap3d0  wkmowkd0  wkwtg0d0  wkwtg1d0  wkwtg2d0  wkwtg3d0  wkwtp1d0  wkwtp2d0  wkwtp3d0
RHW    20180101              2        11        21         1         1         1         1         1         1         9         9
RHW    20180102              1         1        10         3         3         3         3         3         3        11        11
RHW    20180103              7        14        24         1         1         1         1        17         1         1         1
RHW    20180104              7        14        24         3         3         3        11        11         1         9         9
RHW    20180105              7        14        24         1         1         1         9         9         1         9         9

