558
VQAA90 LSSW 020500
MeteoSchweiz / MeteoSuisse / MeteoSvizzera / MeteoSwiss
 
time        GWT10_MLS GWT10_Z500  GWT18_MSL GWT18_Z500  GWT26_MSL GWT26_Z500      GWTWS       CAP9      CAP19      CAP27
01.09.2018          5          9          5         17          5         25          6          4          9          9
02.09.2018          6          9          6         17          6         25         10          4          6          7
03.09.2018          5          9          5         17          5         25         10          1          1          3
04.09.2018          5          3         13          3         13          3         11          1          1          3
05.09.2018          5          3         13         11         13         11         11          1          6          1
06.09.2018          4          1          4          9          4          9         11          2          1          4
07.09.2018          4          1         12          9         12          9         10          1          1          3
08.09.2018          5          1         13          9         13          9         10          4          2          2
09.09.2018          6          1         14          9         14          9         10          4          5          2
10.09.2018          4          3         12         11         12         11         10          4          5         11
11.09.2018         10          3         18         11         26         11         10          5          5         11
12.09.2018          1          2          9         10          9         10         10          3          5          2
13.09.2018          5          1          5          9          5          9         10          1          2          5
14.09.2018          5          1          5          1         21         17         10          1          2          5
15.09.2018          5          1         13          9         13          9         10          4          3         11
16.09.2018          7          1         15          9         15          9         10          5          5          8
17.09.2018          8          1         16          9         16          9         11          3          5          2
18.09.2018          2          2         10         10         10         10         10          3          4          1
19.09.2018         10          1         18          9         26          9         11          3          2          2
20.09.2018         10          1         18          9         26          9         11          3          2          2
21.09.2018          1          1          9          9          9          9          1          2         11          4
22.09.2018          6          1         14          9         14          9          1          4          2          2
23.09.2018          1          1          9          9          9          9          1          2          4         20
24.09.2018          5          3         13         11         13         19          3          4          3         16
25.09.2018          6          3         14         11         14         11          3          8         17         18
26.09.2018         10          4         18         12         26         12         10          8         17         26
27.09.2018         10          4         18         12         26         12         10          5         10         12
28.09.2018          5          3          5         11          5         11          1          4          2          5
29.09.2018          6          4         14         12         22         12         11          4          3          9
30.09.2018          7          2         15         10         23         10          8          3          6          1
